map.head()
          x         y         z        qx        qy        qz        qw  joint_1  joint_2  joint_3  joint_4  joint_5  joint_6  joint_7
0  0.392621 -0.001114  0.289706 -0.000032  0.770739 -0.001470  0.637150    -3.14    -2.24    -3.14    -2.57    -3.14    -2.09    -3.14
1  0.392621 -0.001114  0.289706 -0.369540  0.676371 -0.306756  0.558447    -3.14    -2.24    -3.14    -2.57    -3.14    -2.09    -2.14
2  0.392621 -0.001114  0.289706  0.648571 -0.416405  0.536937 -0.343017    -3.14    -2.24    -3.14    -2.57    -3.14    -2.09    -1.14
3  0.392621 -0.001114  0.289706  0.768810 -0.054488  0.635658 -0.043604    -3.14    -2.24    -3.14    -2.57    -3.14    -2.09    -0.14
4  0.392621 -0.001114  0.289706  0.700817  0.320769  0.578747  0.266484    -3.14    -2.24    -3.14    -2.57    -3.14    -2.09     0.86


# 5 closest joint positions to pos: 0.2, 0.2, 0.5, quat: 0, 0, 0, 1
               x         y         z        qx        qy        qz        qw  joint_1  joint_2  joint_3  joint_4  joint_5  joint_6  joint_7
201438  0.168981  0.135180  0.541019 -0.008269  0.028191 -0.027409  0.999192    -0.14     1.76     0.86    -2.57    -2.14    -1.09     2.86
274993  0.180498  0.120881  0.533615 -0.103335 -0.022653 -0.012595  0.994309     1.86    -1.24     1.86    -2.57    -1.14     1.91     1.86
201554  0.145863  0.162174  0.538087 -0.088089 -0.045297 -0.056566  0.993473    -0.14     1.76     0.86    -2.57     0.86     0.91    -0.14
322006  0.105593  0.176105  0.442941  0.105626 -0.026962  0.044324  0.993052     2.86    -1.24    -1.14    -2.57    -1.14    -2.09     2.86
252887  0.205053 -0.069156  0.541017  0.019256  0.022193 -0.027409  0.999192     0.86     1.76     0.86    -2.57    -2.14    -1.09     1.86